Results per version; rows are matrices

Results for version Baseline Discrete Standard =>
,Dot 1,Dot 2,Peer sync 1 (Before Dot 1),Peer sync 2 (After atomicAdd 1),Peer sync 3 (Before Saxpy 1),Peer sync 4 (After Saxpy 1),"Peer sync 5 (After Saxpy 2, Before Dot 2)",Peer sync 6 (After atomicAdd 2),Peer sync 7 (Before Saxpy 3),Peer sync 8 (End of iteration),Saxpy 1,Saxpy 2,Saxpy 3,SpMV,atomicAdd 1,atomicAdd 2 (After Dot 2)
(generated)_tridiagonal,4.4440,4.2322,49.6061,38.9243,30.6763,44.6577,44.6653,38.9505,30.9222,32.2847,4.4142,4.4369,4.4622,5.2805,8.7278,8.9198
ecology2,3.7505,3.7540,41.7801,38.8819,29.3022,41.3651,41.2999,38.8241,29.1730,28.6332,3.8367,3.8201,3.8184,3.8654,7.6309,7.6919
hood,4.3750,4.3207,56.8534,47.7141,39.4014,51.4662,49.9555,48.0178,39.6508,40.3821,4.6108,4.4755,4.4852,5.7416,7.4531,7.7155
bmwcra_1,4.2772,4.2829,50.0611,41.2431,30.7264,41.5520,40.4030,38.2436,28.9568,27.7125,4.5131,4.3688,4.3810,6.1834,9.1736,8.6561
consph,4.3926,4.4676,58.5418,52.4965,44.3470,55.1078,54.4931,53.8930,45.5927,45.7051,4.6709,4.5738,4.5822,5.2060,7.1779,7.7689
thermomech_dM,4.3792,4.3249,44.6290,42.6320,33.4691,45.9596,44.7980,42.6922,34.1219,33.2289,4.6088,4.4772,4.4806,4.3669,8.6885,8.8986
tmt_sym,3.4843,3.4712,56.3892,52.8053,46.8883,57.1937,55.8419,54.3736,46.0402,46.5188,3.5231,3.4366,3.5005,3.6561,7.3102,7.3022
crankseg_1,4.3630,4.2840,53.1641,41.7822,32.5266,44.6623,44.5400,41.9466,31.9049,31.8476,4.5002,4.6295,4.4631,6.0982,9.3990,8.8371
crankseg_2,4.3761,4.3324,76.1876,51.5488,42.6901,55.6817,54.1397,52.4575,43.3415,45.6208,4.7194,4.6919,4.7998,9.2446,8.6907,8.3100


Results for version Baseline Discrete Pipelined (No Overlap) =>
,Merged Dot,Peer sync 1 (After atomicAdds),Peer sync 1 (Before Dot),Peer sync 2 (Before Saxpy 1),Peer sync 3 (After Saxpy 4),Peer sync 4 (End of iteration),Saxpy 1,Saxpy 2,Saxpy 3,Saxpy 4,Saxpy 5,Saxpy 6,SpMV,atomicAdds
(generated)_tridiagonal,5.6467,39.0567,28.9743,48.9182,89.9216,48.8682,5.4122,5.2866,5.2634,5.2024,5.3296,5.2205,6.2214,9.1226
ecology2,4.5573,50.0127,44.5610,55.3572,86.7372,53.8764,4.5727,4.4865,4.3885,4.5429,4.7587,4.5279,4.5872,10.2783
hood,4.4079,49.7900,44.1248,59.8132,88.2276,53.7822,4.5165,4.4570,4.4824,4.6900,4.6298,4.6503,5.9254,10.4259
bmwcra_1,4.4695,57.5178,52.7782,68.0340,93.8203,61.9705,4.5904,4.4866,4.4809,5.3843,4.8172,4.6809,6.4747,9.4093
consph,4.4810,40.4824,29.3460,45.9397,79.8800,41.5837,4.6254,4.3142,4.4676,4.9844,4.5820,4.4560,5.3243,7.1017
thermomech_dM,4.4077,67.5406,60.3650,68.0081,99.5123,65.2559,4.5371,4.5340,4.4193,5.2972,4.9337,4.9264,4.4225,6.9868
tmt_sym,4.4206,38.8346,28.9976,44.0744,78.2582,39.2125,4.4958,4.2513,4.2709,4.1580,4.3807,4.3531,4.8524,8.6304
crankseg_1,4.4114,40.2976,29.9810,51.3960,79.9528,41.6211,4.4890,4.4986,4.2741,4.3180,4.5864,4.2640,6.1309,7.2125
crankseg_2,4.5142,37.8125,29.3189,69.2514,80.2019,42.4481,4.6833,4.3639,4.6467,4.2672,4.3730,4.3404,9.3689,9.4723


