Results per version; rows are matrices

Results for version Baseline Discrete Standard =>
,Dot 1,Dot 2,Peer sync 1 (Before Dot 1),Peer sync 2 (After atomicAdd 1),Peer sync 3 (Before Saxpy 1),Peer sync 4 (After Saxpy 1),"Peer sync 5 (After Saxpy 2, Before Dot 2)",Peer sync 6 (After atomicAdd 2),Peer sync 7 (Before Saxpy 3),Peer sync 8 (End of iteration),Saxpy 1,Saxpy 2,Saxpy 3,SpMV,atomicAdd 1,atomicAdd 2 (After Dot 2)
(generated)_tridiagonal,5.2617,5.0020,45.1705,39.2991,30.8383,42.0487,40.7115,38.9773,30.4002,32.4091,5.2275,5.2779,5.4108,6.1990,5.2205,5.2687
ecology2,4.3483,4.3730,36.1816,35.2955,26.1805,35.9524,36.0934,35.8181,26.4072,25.7902,4.4884,4.4659,4.4573,4.4899,5.3966,5.3264
hood,4.3867,4.3870,48.6901,40.8775,34.9603,44.7407,43.3162,43.2041,34.1027,35.8168,4.5982,4.3594,4.4251,5.6529,5.6579,5.6013
bmwcra_1,4.2811,4.3067,45.0956,42.6984,31.5532,38.8903,36.5111,36.4372,27.6012,27.3704,4.5958,4.3621,4.4500,6.1430,5.5352,5.5358
consph,4.3331,4.4040,39.2363,34.5519,24.9383,35.8851,35.1775,34.8772,25.2454,24.8007,4.6505,4.4019,4.6931,5.3187,5.8667,5.9216
thermomech_dM,4.3475,4.3544,35.6279,34.9142,25.5973,35.3304,35.4343,34.9962,25.6502,24.8480,4.4581,4.4426,4.4346,4.3615,5.5553,5.5158
tmt_sym,4.3578,4.3631,37.7179,35.4703,26.1618,36.1283,36.6111,35.9285,26.4964,25.9004,4.5070,4.4506,4.4533,4.7053,5.4770,5.4178
crankseg_1,4.3096,4.3301,44.6407,38.1739,28.1923,37.6851,37.1812,36.9317,27.7314,27.1944,4.5181,4.4543,4.4979,6.0965,5.5046,5.4377
crankseg_2,4.3115,4.4460,56.6192,34.5485,24.7194,35.0375,34.9923,34.7740,25.1212,25.2007,4.4900,4.5671,4.5278,9.2696,5.8519,5.6006


Results for version Baseline Discrete Pipelined (No Overlap) =>
,Merged Dot,Peer sync 1 (After atomicAdds),Peer sync 1 (Before Dot),Peer sync 2 (Before Saxpy 1),Peer sync 3 (After Saxpy 4),Peer sync 4 (End of iteration),Saxpy 1,Saxpy 2,Saxpy 3,Saxpy 4,Saxpy 5,Saxpy 6,SpMV,atomicAdds
(generated)_tridiagonal,5.5685,42.5849,36.3231,48.3973,80.6508,48.0856,5.3829,5.2967,5.4596,5.3626,5.5635,5.2440,6.2433,7.4819
ecology2,4.4311,34.5125,25.2319,36.2521,66.1620,35.1065,4.5096,4.3582,4.3813,4.3167,4.4287,4.3526,4.5499,5.4813
hood,4.4036,37.4169,28.8682,44.3213,67.3489,37.8304,4.4998,4.3710,4.3508,4.8463,4.5402,4.4091,5.9154,5.5809
bmwcra_1,4.4880,43.6780,37.1518,52.2960,75.7309,45.2923,4.5439,4.3868,4.3467,4.7720,4.6104,4.5580,6.2824,7.7125
consph,4.3674,33.6993,26.2922,39.3463,64.1705,33.7268,4.3964,4.2606,4.3527,4.4352,4.4177,4.2831,5.3160,7.7126
thermomech_dM,4.3174,34.4388,25.6669,35.6544,65.9856,34.8908,4.4047,4.3471,4.2816,4.4244,4.4432,4.2579,4.3918,6.0719
tmt_sym,4.4003,36.6160,29.8656,40.2844,68.0317,37.9326,4.4010,4.3621,4.3787,4.6673,4.4565,4.4040,4.7815,7.6600
crankseg_1,4.4126,32.6393,23.9699,41.3978,63.8129,33.8029,4.3780,4.4001,4.2182,4.2067,4.4491,4.2510,6.1349,5.7753
crankseg_2,4.5771,44.8472,36.7827,64.7110,72.0008,44.3821,4.5650,4.5674,4.3550,4.5727,4.8804,4.4276,9.5098,5.5766


