Results per version; rows are matrices

Results for version Baseline Discrete Standard =>
,Dot 1,Dot 2,Peer sync 1 (Before Dot 1),Peer sync 2 (After atomicAdd 1),Peer sync 3 (Before Saxpy 1),Peer sync 4 (After Saxpy 1),"Peer sync 5 (After Saxpy 2, Before Dot 2)",Peer sync 6 (After atomicAdd 2),Peer sync 7 (Before Saxpy 3),Peer sync 8 (End of iteration),Saxpy 1,Saxpy 2,Saxpy 3,SpMV,atomicAdd 1,atomicAdd 2 (After Dot 2)
(generated)_tridiagonal,4.7561,4.5237,6.8644,6.0087,5.4662,6.2358,6.2160,5.8120,5.4885,5.6683,4.8849,4.8847,4.9413,5.8866,4.4830,4.5288
ecology2,4.2957,4.3258,6.1388,5.9996,5.5856,6.0976,6.0820,6.1916,5.5910,5.5146,4.3363,4.3695,4.3074,4.4402,4.4995,4.4120
hood,4.1493,4.1754,6.2020,4.9106,4.6328,4.8867,4.7952,4.9966,4.7184,4.5692,4.2030,4.1412,4.1622,5.6561,4.3585,4.2977
bmwcra_1,4.2469,4.2531,7.5397,7.2538,5.9974,6.0587,5.8939,5.9461,5.4572,5.3111,4.4081,4.1964,4.2568,6.1256,4.4120,4.4493
consph,4.2991,4.2822,6.6582,5.9486,5.4808,6.1287,5.9008,6.1190,5.5703,5.2562,4.4008,4.3195,4.4409,5.2684,4.4976,4.4573
thermomech_dM,4.2675,4.2744,6.0284,6.0788,5.5619,6.0907,6.0118,6.2046,5.5774,5.5033,4.4395,4.2833,4.3077,4.3202,4.5044,4.4681
tmt_sym,4.2354,4.3329,6.2753,5.9478,5.5508,5.9026,5.9848,6.0995,5.5313,5.5066,4.3676,4.3492,4.2623,4.7210,4.4895,4.3763
crankseg_1,3.0658,2.9882,7.2847,5.6505,4.6216,5.5716,5.5293,5.5918,4.8172,4.7457,3.0858,3.0538,3.0894,4.7398,3.1855,3.2067
crankseg_2,3.0880,3.0887,10.3580,5.8246,4.9103,5.9687,5.6423,5.5805,4.8192,4.7118,3.2072,3.1453,3.1609,7.9355,3.3097,3.3148


Results for version Baseline Discrete Pipelined (No Overlap) =>
,Merged Dot,Peer sync 1 (After atomicAdds),Peer sync 1 (Before Dot),Peer sync 2 (Before Saxpy 1),Peer sync 3 (After Saxpy 4),Peer sync 4 (End of iteration),Saxpy 1,Saxpy 2,Saxpy 3,Saxpy 4,Saxpy 5,Saxpy 6,SpMV,atomicAdds
(generated)_tridiagonal,4.7619,5.9138,5.3207,6.7768,9.7682,6.3975,4.9673,4.9202,4.9274,4.8273,4.9153,4.8876,5.9273,4.4949
ecology2,4.3565,6.0285,5.5736,6.1859,7.7129,6.0088,4.3133,4.2935,4.2810,4.2242,4.2966,4.2697,4.5032,4.4771
hood,4.3371,5.9643,5.5385,6.9915,7.6108,5.9376,4.3002,4.2867,4.2480,4.2449,4.2787,4.2392,5.8294,4.5187
bmwcra_1,4.2618,5.9213,5.4095,7.5704,8.1724,6.2245,4.2357,4.2876,4.2000,4.3660,4.2694,4.2387,6.1733,4.4231
consph,4.3073,6.0104,5.5062,6.6907,7.7630,5.9145,4.2877,4.3255,4.3989,4.3928,4.3075,4.2269,5.3018,4.4650
thermomech_dM,4.3017,5.5924,5.1890,5.6490,7.3357,5.6364,4.2430,4.2224,4.1925,4.2429,4.2224,4.2004,4.3797,4.4377
tmt_sym,3.1077,6.4760,5.3942,6.3165,9.7236,6.4155,3.1179,3.1258,3.0672,3.0760,3.1653,3.0480,3.5100,3.2893
crankseg_1,3.1844,6.6002,5.4250,6.5371,10.2628,6.4950,3.1636,3.1671,3.2172,3.1292,3.1747,3.1445,4.9926,3.2877
crankseg_2,4.3453,5.8974,5.4485,9.6495,8.3817,5.8117,4.1955,4.2498,4.1269,4.0601,4.4093,4.3088,9.3515,4.4970


